  ===  start level 22  === 
(100, 100, 8)
(100, 102, 8)
(100, 102, 8)
(100, 102, 8)
(100, 102, 8)
(100, 102, 8)
(100, 102, 8)
(100, 102, 8)
(100, 102, 8)
(102, 102, 8)
(102, 100, 8)
(102, 100, 8)
(102, 100, 8)
(102, 100, 8)
(102, 100, 8)
(102, 100, 8)
(102, 100, 8)
(102, 98, 8)
(100, 98, 8)
(100, 98, 8)
(100, 98, 8)
(98, 98, 8)
(98, 100, 8)
(98, 100, 8)
(98, 100, 8)
(98, 100, 8)
(98, 100, 8)
(98, 100, 8)
(98, 102, 8)
(100, 100, 8)
(98, 98, 8)
(98, 98, 8)
(98, 100, 8)
(98, 100, 8)
(98, 100, 8)
(98, 100, 8)
(98, 100, 8)
(98, 102, 8)
(98, 102, 8)
(98, 102, 8)
(100, 102, 8)
(100, 102, 8)
(102, 102, 8)
(102, 102, 8)
(102, 102, 8)
(102, 100, 8)
(102, 100, 8)
(102, 100, 8)
(102, 100, 8)
(102, 100, 8)
(102, 98, 8)
(102, 98, 8)
(102, 98, 8)
(100, 98, 8)
(100, 98, 8)
(100, 100, 8)
(100, 102, 8)
(100, 102, 8)
(100, 102, 8)
(100, 102, 8)
(100, 102, 8)
(100, 102, 8)
(100, 102, 8)
(102, 100, 8)
(100, 98, 8)
(100, 98, 8)
(100, 98, 8)
(102, 98, 8)
(102, 98, 8)
(102, 98, 8)
(102, 98, 8)
(102, 100, 8)
(102, 100, 8)
(102, 102, 8)
(102, 102, 8)
(102, 102, 8)
(100, 102, 8)
(100, 102, 8)
(100, 102, 8)
(100, 102, 8)
(100, 100, 8)
(100, 102, 8)
(100, 102, 8)
(100, 102, 8)
(100, 102, 8)
(100, 102, 8)
(100, 102, 8)
(102, 102, 8)
(102, 100, 8)
(102, 100, 8)
(102, 100, 8)
(102, 100, 8)
(102, 100, 8)
(102, 100, 8)
(102, 98, 8)
(100, 98, 8)
(100, 98, 8)
(100, 98, 8)
(100, 98, 8)
(100, 98, 8)
(100, 98, 8)
(100, 100, 8)
(98, 98, 8)
(98, 100, 8)
(98, 100, 8)
(98, 100, 8)
(98, 100, 8)
(98, 100, 8)
(98, 100, 8)
(98, 100, 8)
(98, 102, 8)
(100, 102, 8)
(100, 102, 8)
(102, 102, 8)
(102, 100, 8)
(102, 100, 8)
(102, 100, 8)
(102, 100, 8)
(102, 100, 8)
(102, 100, 8)
(102, 100, 8)
(102, 102, 8)
(100, 102, 8)
(100, 102, 8)
(98, 102, 8)
(98, 100, 8)
(98, 100, 8)
(98, 100, 8)
(98, 100, 8)
(98, 100, 8)
(98, 100, 8)
(98, 100, 8)
(98, 98, 8)
  ===  finish level 22  === 
